{
 "cells": [
  {
   "cell_type": "code",
   "execution_count": 1,
   "id": "cac8c658",
   "metadata": {},
   "outputs": [
    {
     "data": {
      "text/html": [
       "<div>\n",
       "<style scoped>\n",
       "    .dataframe tbody tr th:only-of-type {\n",
       "        vertical-align: middle;\n",
       "    }\n",
       "\n",
       "    .dataframe tbody tr th {\n",
       "        vertical-align: top;\n",
       "    }\n",
       "\n",
       "    .dataframe thead th {\n",
       "        text-align: right;\n",
       "    }\n",
       "</style>\n",
       "<table border=\"1\" class=\"dataframe\">\n",
       "  <thead>\n",
       "    <tr style=\"text-align: right;\">\n",
       "      <th></th>\n",
       "      <th>id</th>\n",
       "      <th>price1</th>\n",
       "    </tr>\n",
       "  </thead>\n",
       "  <tbody>\n",
       "    <tr>\n",
       "      <th>0</th>\n",
       "      <td>2242</td>\n",
       "      <td>379</td>\n",
       "    </tr>\n",
       "    <tr>\n",
       "      <th>1</th>\n",
       "      <td>20532</td>\n",
       "      <td>199</td>\n",
       "    </tr>\n",
       "    <tr>\n",
       "      <th>2</th>\n",
       "      <td>10648</td>\n",
       "      <td>249</td>\n",
       "    </tr>\n",
       "    <tr>\n",
       "      <th>3</th>\n",
       "      <td>20677</td>\n",
       "      <td>949</td>\n",
       "    </tr>\n",
       "    <tr>\n",
       "      <th>4</th>\n",
       "      <td>12593</td>\n",
       "      <td>405</td>\n",
       "    </tr>\n",
       "    <tr>\n",
       "      <th>...</th>\n",
       "      <td>...</td>\n",
       "      <td>...</td>\n",
       "    </tr>\n",
       "    <tr>\n",
       "      <th>5239</th>\n",
       "      <td>14033</td>\n",
       "      <td>629</td>\n",
       "    </tr>\n",
       "    <tr>\n",
       "      <th>5240</th>\n",
       "      <td>297</td>\n",
       "      <td>1898</td>\n",
       "    </tr>\n",
       "    <tr>\n",
       "      <th>5241</th>\n",
       "      <td>18733</td>\n",
       "      <td>399</td>\n",
       "    </tr>\n",
       "    <tr>\n",
       "      <th>5242</th>\n",
       "      <td>6162</td>\n",
       "      <td>152</td>\n",
       "    </tr>\n",
       "    <tr>\n",
       "      <th>5243</th>\n",
       "      <td>13574</td>\n",
       "      <td>749</td>\n",
       "    </tr>\n",
       "  </tbody>\n",
       "</table>\n",
       "<p>5244 rows × 2 columns</p>\n",
       "</div>"
      ],
      "text/plain": [
       "         id  price1\n",
       "0      2242     379\n",
       "1     20532     199\n",
       "2     10648     249\n",
       "3     20677     949\n",
       "4     12593     405\n",
       "...     ...     ...\n",
       "5239  14033     629\n",
       "5240    297    1898\n",
       "5241  18733     399\n",
       "5242   6162     152\n",
       "5243  13574     749\n",
       "\n",
       "[5244 rows x 2 columns]"
      ]
     },
     "execution_count": 1,
     "metadata": {},
     "output_type": "execute_result"
    }
   ],
   "source": [
    "import numpy as np \n",
    "import matplotlib.pyplot as mtp  \n",
    "import pandas as pd  \n",
    "from sklearn.model_selection import train_test_split  \n",
    "from sklearn.tree import DecisionTreeClassifier\n",
    "# Importing the dataset  \n",
    "df = pd.read_csv('train.csv')\n",
    "# df.dropna()\n",
    "df['Rating'].fillna(df['Rating'].median(),inplace=True)\n",
    "df['star_5f'].fillna(df['star_5f'].median(),inplace=True)\n",
    "df['star_1f'].fillna(df['star_1f'].median(),inplace=True)\n",
    "test_data = pd.read_csv('test.csv')\n",
    "test_data.drop(test_data.columns[1], axis=1, inplace=True)\n",
    "test_data\n",
    "test_data.drop(test_data.columns[2:4], axis=1, inplace=True)\n",
    "# test_data = test_data.fillna(value = {'Rating' :4, 'star_5f' :156, 'star_1f' :29})\n",
    "test_data = test_data.fillna(value = {'Rating' :4.011089069629038, 'star_5f' :1557.443199381762, 'star_1f' :270.3977856860419})\n",
    "# test_data = test_data.fillna(value = {'Rating' :4.1, 'star_5f' :4.0, 'star_1f' :0})\n",
    "df.drop(df.columns[1], axis=1, inplace=True)\n",
    "df.drop(df.columns[2:4], axis=1, inplace=True)\n",
    "df=df.dropna()\n",
    "df1=df[\"Offer %\"].str.replace(\"%\",\"\")\n",
    "df1\n",
    "df['Offer %'] = df1\n",
    "# create test_X which comes from test_data but includes only the columns you used for prediction.\n",
    "# The list of columns is stored in a variable called features\n",
    " \n",
    "y = df.price1\n",
    "\n",
    "# Create X (After completing the exercise, you can return to modify this line!)\n",
    "features = ['id', 'Rating', 'actprice1', 'norating1',\n",
    "       'noreviews1', 'star_5f', 'star_4f', 'star_3f', 'star_2f', 'star_1f',\n",
    "       'fulfilled1']\n",
    "test_X = test_data[features]\n",
    "# Select columns corresponding to features, and preview the data\n",
    "X = df[features]\n",
    "X.head()\n",
    "\n",
    "train_X, val_X, train_y, val_y = train_test_split(X, y, random_state=1)\n",
    "\n",
    "# Feature Scaling  \n",
    "  \n",
    "# from sklearn.linear_model import LogisticRegression\n",
    "# from sklearn.metrics import accuracy_score  \n",
    "# model=LogisticRegression() \n",
    "# model.fit(train_X,train_y) \n",
    "# from sklearn.preprocessing import StandardScaler  \n",
    "# sc = StandardScaler()  \n",
    "# train_X = sc.fit_transform(train_X)  \n",
    "# test_X = sc.transform(test_X)  \n",
    "\n",
    "\n",
    "model= DecisionTreeClassifier(class_weight=None, criterion='entropy', max_depth=100,\n",
    " max_features=None, max_leaf_nodes=None,\n",
    "  min_samples_leaf=1,\n",
    " min_samples_split=2, min_weight_fraction_leaf=0.0,\n",
    " random_state=0, splitter='best')\n",
    "\n",
    "\n",
    "\n",
    "\n",
    "model.fit(train_X,train_y)\n",
    "# make predictions which we will submit. \n",
    "test_preds = model.predict(test_X)\n",
    "\n",
    "# from sklearn.trees import DecisionTreeClassifier\n",
    "# dtree = DecisionTreeClassifier(max_depth=10 ,random_state=101,max_features=None,min_samples_leaf=15)\n",
    "# dtree.fit(train_X,train_y)\n",
    "# test_preds = dtree.predict(test_X)\n",
    "# from sklearn.ensemble import RandomForestClassifier\n",
    "# rfm = RandomForestClassifier(n_estimators=5000 ,random_state=0,max_features=None,min_samples_leaf=1,n_jobs=-5)\n",
    "# rfm.fit(train_X,train_y)\n",
    "# test_preds = rfm.predict(test_X)\n",
    "\n",
    "output = pd.DataFrame({'id': test_data.id,'price1': test_preds})\n",
    "\n",
    "\n",
    "output.to_csv('final3.csv', index=False)\n",
    "\n",
    "df1 = pd.read_csv('final3.csv')\n",
    "df1\n",
    "\n",
    "\n",
    "\n",
    "\n"
   ]
  },
  {
   "cell_type": "code",
   "execution_count": 2,
   "id": "8cb2f5a9",
   "metadata": {},
   "outputs": [
    {
     "data": {
      "text/plain": [
       "0    4.1\n",
       "dtype: float64"
      ]
     },
     "execution_count": 2,
     "metadata": {},
     "output_type": "execute_result"
    }
   ],
   "source": [
    "test_data.Rating.mode()"
   ]
  },
  {
   "cell_type": "code",
   "execution_count": 3,
   "id": "058c66e4",
   "metadata": {},
   "outputs": [
    {
     "data": {
      "text/plain": [
       "0    4.0\n",
       "dtype: float64"
      ]
     },
     "execution_count": 3,
     "metadata": {},
     "output_type": "execute_result"
    }
   ],
   "source": [
    "test_data.star_5f.mode()"
   ]
  },
  {
   "cell_type": "code",
   "execution_count": 4,
   "id": "936bd817",
   "metadata": {},
   "outputs": [
    {
     "data": {
      "text/plain": [
       "0    0.0\n",
       "dtype: float64"
      ]
     },
     "execution_count": 4,
     "metadata": {},
     "output_type": "execute_result"
    }
   ],
   "source": [
    "test_data.star_1f.mode()"
   ]
  },
  {
   "cell_type": "code",
   "execution_count": 5,
   "id": "01de0674",
   "metadata": {},
   "outputs": [],
   "source": [
    "cor= df.corr()"
   ]
  },
  {
   "cell_type": "code",
   "execution_count": 6,
   "id": "6b0c81ce",
   "metadata": {},
   "outputs": [
    {
     "data": {
      "text/html": [
       "<div>\n",
       "<style scoped>\n",
       "    .dataframe tbody tr th:only-of-type {\n",
       "        vertical-align: middle;\n",
       "    }\n",
       "\n",
       "    .dataframe tbody tr th {\n",
       "        vertical-align: top;\n",
       "    }\n",
       "\n",
       "    .dataframe thead th {\n",
       "        text-align: right;\n",
       "    }\n",
       "</style>\n",
       "<table border=\"1\" class=\"dataframe\">\n",
       "  <thead>\n",
       "    <tr style=\"text-align: right;\">\n",
       "      <th></th>\n",
       "      <th>id</th>\n",
       "      <th>Rating</th>\n",
       "      <th>price1</th>\n",
       "      <th>actprice1</th>\n",
       "      <th>norating1</th>\n",
       "      <th>noreviews1</th>\n",
       "      <th>star_5f</th>\n",
       "      <th>star_4f</th>\n",
       "      <th>star_3f</th>\n",
       "      <th>star_2f</th>\n",
       "      <th>star_1f</th>\n",
       "      <th>fulfilled1</th>\n",
       "    </tr>\n",
       "  </thead>\n",
       "  <tbody>\n",
       "    <tr>\n",
       "      <th>id</th>\n",
       "      <td>1.000000</td>\n",
       "      <td>0.000104</td>\n",
       "      <td>0.005708</td>\n",
       "      <td>0.001796</td>\n",
       "      <td>0.007370</td>\n",
       "      <td>0.008081</td>\n",
       "      <td>0.008111</td>\n",
       "      <td>0.005147</td>\n",
       "      <td>0.006916</td>\n",
       "      <td>0.008446</td>\n",
       "      <td>0.009076</td>\n",
       "      <td>0.008552</td>\n",
       "    </tr>\n",
       "    <tr>\n",
       "      <th>Rating</th>\n",
       "      <td>0.000104</td>\n",
       "      <td>1.000000</td>\n",
       "      <td>0.291381</td>\n",
       "      <td>0.250057</td>\n",
       "      <td>0.018072</td>\n",
       "      <td>0.022312</td>\n",
       "      <td>0.027049</td>\n",
       "      <td>0.030486</td>\n",
       "      <td>0.001166</td>\n",
       "      <td>-0.024190</td>\n",
       "      <td>-0.032497</td>\n",
       "      <td>0.171734</td>\n",
       "    </tr>\n",
       "    <tr>\n",
       "      <th>price1</th>\n",
       "      <td>0.005708</td>\n",
       "      <td>0.291381</td>\n",
       "      <td>1.000000</td>\n",
       "      <td>0.889674</td>\n",
       "      <td>-0.044817</td>\n",
       "      <td>-0.040798</td>\n",
       "      <td>-0.040253</td>\n",
       "      <td>-0.031569</td>\n",
       "      <td>-0.056026</td>\n",
       "      <td>-0.071057</td>\n",
       "      <td>-0.069839</td>\n",
       "      <td>0.258191</td>\n",
       "    </tr>\n",
       "    <tr>\n",
       "      <th>actprice1</th>\n",
       "      <td>0.001796</td>\n",
       "      <td>0.250057</td>\n",
       "      <td>0.889674</td>\n",
       "      <td>1.000000</td>\n",
       "      <td>-0.064582</td>\n",
       "      <td>-0.062824</td>\n",
       "      <td>-0.061068</td>\n",
       "      <td>-0.055378</td>\n",
       "      <td>-0.070795</td>\n",
       "      <td>-0.080277</td>\n",
       "      <td>-0.078751</td>\n",
       "      <td>0.230884</td>\n",
       "    </tr>\n",
       "    <tr>\n",
       "      <th>norating1</th>\n",
       "      <td>0.007370</td>\n",
       "      <td>0.018072</td>\n",
       "      <td>-0.044817</td>\n",
       "      <td>-0.064582</td>\n",
       "      <td>1.000000</td>\n",
       "      <td>0.994983</td>\n",
       "      <td>0.990892</td>\n",
       "      <td>0.978598</td>\n",
       "      <td>0.988443</td>\n",
       "      <td>0.962709</td>\n",
       "      <td>0.942836</td>\n",
       "      <td>0.131024</td>\n",
       "    </tr>\n",
       "    <tr>\n",
       "      <th>noreviews1</th>\n",
       "      <td>0.008081</td>\n",
       "      <td>0.022312</td>\n",
       "      <td>-0.040798</td>\n",
       "      <td>-0.062824</td>\n",
       "      <td>0.994983</td>\n",
       "      <td>1.000000</td>\n",
       "      <td>0.986368</td>\n",
       "      <td>0.983840</td>\n",
       "      <td>0.983814</td>\n",
       "      <td>0.944380</td>\n",
       "      <td>0.918382</td>\n",
       "      <td>0.124763</td>\n",
       "    </tr>\n",
       "    <tr>\n",
       "      <th>star_5f</th>\n",
       "      <td>0.008111</td>\n",
       "      <td>0.027049</td>\n",
       "      <td>-0.040253</td>\n",
       "      <td>-0.061068</td>\n",
       "      <td>0.990892</td>\n",
       "      <td>0.986368</td>\n",
       "      <td>1.000000</td>\n",
       "      <td>0.975133</td>\n",
       "      <td>0.983567</td>\n",
       "      <td>0.956913</td>\n",
       "      <td>0.937764</td>\n",
       "      <td>0.131328</td>\n",
       "    </tr>\n",
       "    <tr>\n",
       "      <th>star_4f</th>\n",
       "      <td>0.005147</td>\n",
       "      <td>0.030486</td>\n",
       "      <td>-0.031569</td>\n",
       "      <td>-0.055378</td>\n",
       "      <td>0.978598</td>\n",
       "      <td>0.983840</td>\n",
       "      <td>0.975133</td>\n",
       "      <td>1.000000</td>\n",
       "      <td>0.973247</td>\n",
       "      <td>0.920688</td>\n",
       "      <td>0.887535</td>\n",
       "      <td>0.123521</td>\n",
       "    </tr>\n",
       "    <tr>\n",
       "      <th>star_3f</th>\n",
       "      <td>0.006916</td>\n",
       "      <td>0.001166</td>\n",
       "      <td>-0.056026</td>\n",
       "      <td>-0.070795</td>\n",
       "      <td>0.988443</td>\n",
       "      <td>0.983814</td>\n",
       "      <td>0.983567</td>\n",
       "      <td>0.973247</td>\n",
       "      <td>1.000000</td>\n",
       "      <td>0.977318</td>\n",
       "      <td>0.955562</td>\n",
       "      <td>0.125699</td>\n",
       "    </tr>\n",
       "    <tr>\n",
       "      <th>star_2f</th>\n",
       "      <td>0.008446</td>\n",
       "      <td>-0.024190</td>\n",
       "      <td>-0.071057</td>\n",
       "      <td>-0.080277</td>\n",
       "      <td>0.962709</td>\n",
       "      <td>0.944380</td>\n",
       "      <td>0.956913</td>\n",
       "      <td>0.920688</td>\n",
       "      <td>0.977318</td>\n",
       "      <td>1.000000</td>\n",
       "      <td>0.987702</td>\n",
       "      <td>0.129333</td>\n",
       "    </tr>\n",
       "    <tr>\n",
       "      <th>star_1f</th>\n",
       "      <td>0.009076</td>\n",
       "      <td>-0.032497</td>\n",
       "      <td>-0.069839</td>\n",
       "      <td>-0.078751</td>\n",
       "      <td>0.942836</td>\n",
       "      <td>0.918382</td>\n",
       "      <td>0.937764</td>\n",
       "      <td>0.887535</td>\n",
       "      <td>0.955562</td>\n",
       "      <td>0.987702</td>\n",
       "      <td>1.000000</td>\n",
       "      <td>0.132379</td>\n",
       "    </tr>\n",
       "    <tr>\n",
       "      <th>fulfilled1</th>\n",
       "      <td>0.008552</td>\n",
       "      <td>0.171734</td>\n",
       "      <td>0.258191</td>\n",
       "      <td>0.230884</td>\n",
       "      <td>0.131024</td>\n",
       "      <td>0.124763</td>\n",
       "      <td>0.131328</td>\n",
       "      <td>0.123521</td>\n",
       "      <td>0.125699</td>\n",
       "      <td>0.129333</td>\n",
       "      <td>0.132379</td>\n",
       "      <td>1.000000</td>\n",
       "    </tr>\n",
       "  </tbody>\n",
       "</table>\n",
       "</div>"
      ],
      "text/plain": [
       "                  id    Rating    price1  actprice1  norating1  noreviews1  \\\n",
       "id          1.000000  0.000104  0.005708   0.001796   0.007370    0.008081   \n",
       "Rating      0.000104  1.000000  0.291381   0.250057   0.018072    0.022312   \n",
       "price1      0.005708  0.291381  1.000000   0.889674  -0.044817   -0.040798   \n",
       "actprice1   0.001796  0.250057  0.889674   1.000000  -0.064582   -0.062824   \n",
       "norating1   0.007370  0.018072 -0.044817  -0.064582   1.000000    0.994983   \n",
       "noreviews1  0.008081  0.022312 -0.040798  -0.062824   0.994983    1.000000   \n",
       "star_5f     0.008111  0.027049 -0.040253  -0.061068   0.990892    0.986368   \n",
       "star_4f     0.005147  0.030486 -0.031569  -0.055378   0.978598    0.983840   \n",
       "star_3f     0.006916  0.001166 -0.056026  -0.070795   0.988443    0.983814   \n",
       "star_2f     0.008446 -0.024190 -0.071057  -0.080277   0.962709    0.944380   \n",
       "star_1f     0.009076 -0.032497 -0.069839  -0.078751   0.942836    0.918382   \n",
       "fulfilled1  0.008552  0.171734  0.258191   0.230884   0.131024    0.124763   \n",
       "\n",
       "             star_5f   star_4f   star_3f   star_2f   star_1f  fulfilled1  \n",
       "id          0.008111  0.005147  0.006916  0.008446  0.009076    0.008552  \n",
       "Rating      0.027049  0.030486  0.001166 -0.024190 -0.032497    0.171734  \n",
       "price1     -0.040253 -0.031569 -0.056026 -0.071057 -0.069839    0.258191  \n",
       "actprice1  -0.061068 -0.055378 -0.070795 -0.080277 -0.078751    0.230884  \n",
       "norating1   0.990892  0.978598  0.988443  0.962709  0.942836    0.131024  \n",
       "noreviews1  0.986368  0.983840  0.983814  0.944380  0.918382    0.124763  \n",
       "star_5f     1.000000  0.975133  0.983567  0.956913  0.937764    0.131328  \n",
       "star_4f     0.975133  1.000000  0.973247  0.920688  0.887535    0.123521  \n",
       "star_3f     0.983567  0.973247  1.000000  0.977318  0.955562    0.125699  \n",
       "star_2f     0.956913  0.920688  0.977318  1.000000  0.987702    0.129333  \n",
       "star_1f     0.937764  0.887535  0.955562  0.987702  1.000000    0.132379  \n",
       "fulfilled1  0.131328  0.123521  0.125699  0.129333  0.132379    1.000000  "
      ]
     },
     "execution_count": 6,
     "metadata": {},
     "output_type": "execute_result"
    }
   ],
   "source": [
    "cor"
   ]
  },
  {
   "cell_type": "code",
   "execution_count": 7,
   "id": "4a7d1b87",
   "metadata": {},
   "outputs": [
    {
     "data": {
      "text/html": [
       "<div>\n",
       "<style scoped>\n",
       "    .dataframe tbody tr th:only-of-type {\n",
       "        vertical-align: middle;\n",
       "    }\n",
       "\n",
       "    .dataframe tbody tr th {\n",
       "        vertical-align: top;\n",
       "    }\n",
       "\n",
       "    .dataframe thead th {\n",
       "        text-align: right;\n",
       "    }\n",
       "</style>\n",
       "<table border=\"1\" class=\"dataframe\">\n",
       "  <thead>\n",
       "    <tr style=\"text-align: right;\">\n",
       "      <th></th>\n",
       "      <th>id</th>\n",
       "      <th>Rating</th>\n",
       "      <th>actprice1</th>\n",
       "      <th>norating1</th>\n",
       "      <th>noreviews1</th>\n",
       "      <th>star_5f</th>\n",
       "      <th>star_4f</th>\n",
       "      <th>star_3f</th>\n",
       "      <th>star_2f</th>\n",
       "      <th>star_1f</th>\n",
       "      <th>fulfilled1</th>\n",
       "    </tr>\n",
       "  </thead>\n",
       "  <tbody>\n",
       "    <tr>\n",
       "      <th>0</th>\n",
       "      <td>2242</td>\n",
       "      <td>3.8</td>\n",
       "      <td>999</td>\n",
       "      <td>27928</td>\n",
       "      <td>3543</td>\n",
       "      <td>14238.0</td>\n",
       "      <td>4295</td>\n",
       "      <td>3457</td>\n",
       "      <td>1962</td>\n",
       "      <td>3976.0</td>\n",
       "      <td>1</td>\n",
       "    </tr>\n",
       "    <tr>\n",
       "      <th>1</th>\n",
       "      <td>20532</td>\n",
       "      <td>3.9</td>\n",
       "      <td>499</td>\n",
       "      <td>3015</td>\n",
       "      <td>404</td>\n",
       "      <td>1458.0</td>\n",
       "      <td>657</td>\n",
       "      <td>397</td>\n",
       "      <td>182</td>\n",
       "      <td>321.0</td>\n",
       "      <td>1</td>\n",
       "    </tr>\n",
       "    <tr>\n",
       "      <th>2</th>\n",
       "      <td>10648</td>\n",
       "      <td>3.9</td>\n",
       "      <td>999</td>\n",
       "      <td>449</td>\n",
       "      <td>52</td>\n",
       "      <td>229.0</td>\n",
       "      <td>70</td>\n",
       "      <td>71</td>\n",
       "      <td>33</td>\n",
       "      <td>46.0</td>\n",
       "      <td>1</td>\n",
       "    </tr>\n",
       "    <tr>\n",
       "      <th>3</th>\n",
       "      <td>20677</td>\n",
       "      <td>3.9</td>\n",
       "      <td>2999</td>\n",
       "      <td>290</td>\n",
       "      <td>40</td>\n",
       "      <td>141.0</td>\n",
       "      <td>51</td>\n",
       "      <td>49</td>\n",
       "      <td>17</td>\n",
       "      <td>32.0</td>\n",
       "      <td>1</td>\n",
       "    </tr>\n",
       "    <tr>\n",
       "      <th>4</th>\n",
       "      <td>12593</td>\n",
       "      <td>3.9</td>\n",
       "      <td>999</td>\n",
       "      <td>2423</td>\n",
       "      <td>326</td>\n",
       "      <td>1265.0</td>\n",
       "      <td>414</td>\n",
       "      <td>293</td>\n",
       "      <td>143</td>\n",
       "      <td>308.0</td>\n",
       "      <td>0</td>\n",
       "    </tr>\n",
       "  </tbody>\n",
       "</table>\n",
       "</div>"
      ],
      "text/plain": [
       "      id  Rating  actprice1  norating1  noreviews1  star_5f  star_4f  star_3f  \\\n",
       "0   2242     3.8        999      27928        3543  14238.0     4295     3457   \n",
       "1  20532     3.9        499       3015         404   1458.0      657      397   \n",
       "2  10648     3.9        999        449          52    229.0       70       71   \n",
       "3  20677     3.9       2999        290          40    141.0       51       49   \n",
       "4  12593     3.9        999       2423         326   1265.0      414      293   \n",
       "\n",
       "   star_2f  star_1f  fulfilled1  \n",
       "0     1962   3976.0           1  \n",
       "1      182    321.0           1  \n",
       "2       33     46.0           1  \n",
       "3       17     32.0           1  \n",
       "4      143    308.0           0  "
      ]
     },
     "execution_count": 7,
     "metadata": {},
     "output_type": "execute_result"
    }
   ],
   "source": [
    "test_data.head()"
   ]
  },
  {
   "cell_type": "code",
   "execution_count": null,
   "id": "27fd7a7a",
   "metadata": {},
   "outputs": [],
   "source": []
  },
  {
   "cell_type": "code",
   "execution_count": null,
   "id": "93ac506f",
   "metadata": {},
   "outputs": [],
   "source": []
  },
  {
   "cell_type": "code",
   "execution_count": 8,
   "id": "d6e82752",
   "metadata": {},
   "outputs": [
    {
     "data": {
      "text/html": [
       "<div>\n",
       "<style scoped>\n",
       "    .dataframe tbody tr th:only-of-type {\n",
       "        vertical-align: middle;\n",
       "    }\n",
       "\n",
       "    .dataframe tbody tr th {\n",
       "        vertical-align: top;\n",
       "    }\n",
       "\n",
       "    .dataframe thead th {\n",
       "        text-align: right;\n",
       "    }\n",
       "</style>\n",
       "<table border=\"1\" class=\"dataframe\">\n",
       "  <thead>\n",
       "    <tr style=\"text-align: right;\">\n",
       "      <th></th>\n",
       "      <th>id</th>\n",
       "      <th>Rating</th>\n",
       "      <th>price1</th>\n",
       "      <th>actprice1</th>\n",
       "      <th>norating1</th>\n",
       "      <th>noreviews1</th>\n",
       "      <th>star_5f</th>\n",
       "      <th>star_4f</th>\n",
       "      <th>star_3f</th>\n",
       "      <th>star_2f</th>\n",
       "      <th>star_1f</th>\n",
       "      <th>fulfilled1</th>\n",
       "    </tr>\n",
       "  </thead>\n",
       "  <tbody>\n",
       "    <tr>\n",
       "      <th>id</th>\n",
       "      <td>1.000000</td>\n",
       "      <td>0.000104</td>\n",
       "      <td>0.005708</td>\n",
       "      <td>0.001796</td>\n",
       "      <td>0.007370</td>\n",
       "      <td>0.008081</td>\n",
       "      <td>0.008111</td>\n",
       "      <td>0.005147</td>\n",
       "      <td>0.006916</td>\n",
       "      <td>0.008446</td>\n",
       "      <td>0.009076</td>\n",
       "      <td>0.008552</td>\n",
       "    </tr>\n",
       "    <tr>\n",
       "      <th>Rating</th>\n",
       "      <td>0.000104</td>\n",
       "      <td>1.000000</td>\n",
       "      <td>0.291381</td>\n",
       "      <td>0.250057</td>\n",
       "      <td>0.018072</td>\n",
       "      <td>0.022312</td>\n",
       "      <td>0.027049</td>\n",
       "      <td>0.030486</td>\n",
       "      <td>0.001166</td>\n",
       "      <td>-0.024190</td>\n",
       "      <td>-0.032497</td>\n",
       "      <td>0.171734</td>\n",
       "    </tr>\n",
       "    <tr>\n",
       "      <th>price1</th>\n",
       "      <td>0.005708</td>\n",
       "      <td>0.291381</td>\n",
       "      <td>1.000000</td>\n",
       "      <td>0.889674</td>\n",
       "      <td>-0.044817</td>\n",
       "      <td>-0.040798</td>\n",
       "      <td>-0.040253</td>\n",
       "      <td>-0.031569</td>\n",
       "      <td>-0.056026</td>\n",
       "      <td>-0.071057</td>\n",
       "      <td>-0.069839</td>\n",
       "      <td>0.258191</td>\n",
       "    </tr>\n",
       "    <tr>\n",
       "      <th>actprice1</th>\n",
       "      <td>0.001796</td>\n",
       "      <td>0.250057</td>\n",
       "      <td>0.889674</td>\n",
       "      <td>1.000000</td>\n",
       "      <td>-0.064582</td>\n",
       "      <td>-0.062824</td>\n",
       "      <td>-0.061068</td>\n",
       "      <td>-0.055378</td>\n",
       "      <td>-0.070795</td>\n",
       "      <td>-0.080277</td>\n",
       "      <td>-0.078751</td>\n",
       "      <td>0.230884</td>\n",
       "    </tr>\n",
       "    <tr>\n",
       "      <th>norating1</th>\n",
       "      <td>0.007370</td>\n",
       "      <td>0.018072</td>\n",
       "      <td>-0.044817</td>\n",
       "      <td>-0.064582</td>\n",
       "      <td>1.000000</td>\n",
       "      <td>0.994983</td>\n",
       "      <td>0.990892</td>\n",
       "      <td>0.978598</td>\n",
       "      <td>0.988443</td>\n",
       "      <td>0.962709</td>\n",
       "      <td>0.942836</td>\n",
       "      <td>0.131024</td>\n",
       "    </tr>\n",
       "    <tr>\n",
       "      <th>noreviews1</th>\n",
       "      <td>0.008081</td>\n",
       "      <td>0.022312</td>\n",
       "      <td>-0.040798</td>\n",
       "      <td>-0.062824</td>\n",
       "      <td>0.994983</td>\n",
       "      <td>1.000000</td>\n",
       "      <td>0.986368</td>\n",
       "      <td>0.983840</td>\n",
       "      <td>0.983814</td>\n",
       "      <td>0.944380</td>\n",
       "      <td>0.918382</td>\n",
       "      <td>0.124763</td>\n",
       "    </tr>\n",
       "    <tr>\n",
       "      <th>star_5f</th>\n",
       "      <td>0.008111</td>\n",
       "      <td>0.027049</td>\n",
       "      <td>-0.040253</td>\n",
       "      <td>-0.061068</td>\n",
       "      <td>0.990892</td>\n",
       "      <td>0.986368</td>\n",
       "      <td>1.000000</td>\n",
       "      <td>0.975133</td>\n",
       "      <td>0.983567</td>\n",
       "      <td>0.956913</td>\n",
       "      <td>0.937764</td>\n",
       "      <td>0.131328</td>\n",
       "    </tr>\n",
       "    <tr>\n",
       "      <th>star_4f</th>\n",
       "      <td>0.005147</td>\n",
       "      <td>0.030486</td>\n",
       "      <td>-0.031569</td>\n",
       "      <td>-0.055378</td>\n",
       "      <td>0.978598</td>\n",
       "      <td>0.983840</td>\n",
       "      <td>0.975133</td>\n",
       "      <td>1.000000</td>\n",
       "      <td>0.973247</td>\n",
       "      <td>0.920688</td>\n",
       "      <td>0.887535</td>\n",
       "      <td>0.123521</td>\n",
       "    </tr>\n",
       "    <tr>\n",
       "      <th>star_3f</th>\n",
       "      <td>0.006916</td>\n",
       "      <td>0.001166</td>\n",
       "      <td>-0.056026</td>\n",
       "      <td>-0.070795</td>\n",
       "      <td>0.988443</td>\n",
       "      <td>0.983814</td>\n",
       "      <td>0.983567</td>\n",
       "      <td>0.973247</td>\n",
       "      <td>1.000000</td>\n",
       "      <td>0.977318</td>\n",
       "      <td>0.955562</td>\n",
       "      <td>0.125699</td>\n",
       "    </tr>\n",
       "    <tr>\n",
       "      <th>star_2f</th>\n",
       "      <td>0.008446</td>\n",
       "      <td>-0.024190</td>\n",
       "      <td>-0.071057</td>\n",
       "      <td>-0.080277</td>\n",
       "      <td>0.962709</td>\n",
       "      <td>0.944380</td>\n",
       "      <td>0.956913</td>\n",
       "      <td>0.920688</td>\n",
       "      <td>0.977318</td>\n",
       "      <td>1.000000</td>\n",
       "      <td>0.987702</td>\n",
       "      <td>0.129333</td>\n",
       "    </tr>\n",
       "    <tr>\n",
       "      <th>star_1f</th>\n",
       "      <td>0.009076</td>\n",
       "      <td>-0.032497</td>\n",
       "      <td>-0.069839</td>\n",
       "      <td>-0.078751</td>\n",
       "      <td>0.942836</td>\n",
       "      <td>0.918382</td>\n",
       "      <td>0.937764</td>\n",
       "      <td>0.887535</td>\n",
       "      <td>0.955562</td>\n",
       "      <td>0.987702</td>\n",
       "      <td>1.000000</td>\n",
       "      <td>0.132379</td>\n",
       "    </tr>\n",
       "    <tr>\n",
       "      <th>fulfilled1</th>\n",
       "      <td>0.008552</td>\n",
       "      <td>0.171734</td>\n",
       "      <td>0.258191</td>\n",
       "      <td>0.230884</td>\n",
       "      <td>0.131024</td>\n",
       "      <td>0.124763</td>\n",
       "      <td>0.131328</td>\n",
       "      <td>0.123521</td>\n",
       "      <td>0.125699</td>\n",
       "      <td>0.129333</td>\n",
       "      <td>0.132379</td>\n",
       "      <td>1.000000</td>\n",
       "    </tr>\n",
       "  </tbody>\n",
       "</table>\n",
       "</div>"
      ],
      "text/plain": [
       "                  id    Rating    price1  actprice1  norating1  noreviews1  \\\n",
       "id          1.000000  0.000104  0.005708   0.001796   0.007370    0.008081   \n",
       "Rating      0.000104  1.000000  0.291381   0.250057   0.018072    0.022312   \n",
       "price1      0.005708  0.291381  1.000000   0.889674  -0.044817   -0.040798   \n",
       "actprice1   0.001796  0.250057  0.889674   1.000000  -0.064582   -0.062824   \n",
       "norating1   0.007370  0.018072 -0.044817  -0.064582   1.000000    0.994983   \n",
       "noreviews1  0.008081  0.022312 -0.040798  -0.062824   0.994983    1.000000   \n",
       "star_5f     0.008111  0.027049 -0.040253  -0.061068   0.990892    0.986368   \n",
       "star_4f     0.005147  0.030486 -0.031569  -0.055378   0.978598    0.983840   \n",
       "star_3f     0.006916  0.001166 -0.056026  -0.070795   0.988443    0.983814   \n",
       "star_2f     0.008446 -0.024190 -0.071057  -0.080277   0.962709    0.944380   \n",
       "star_1f     0.009076 -0.032497 -0.069839  -0.078751   0.942836    0.918382   \n",
       "fulfilled1  0.008552  0.171734  0.258191   0.230884   0.131024    0.124763   \n",
       "\n",
       "             star_5f   star_4f   star_3f   star_2f   star_1f  fulfilled1  \n",
       "id          0.008111  0.005147  0.006916  0.008446  0.009076    0.008552  \n",
       "Rating      0.027049  0.030486  0.001166 -0.024190 -0.032497    0.171734  \n",
       "price1     -0.040253 -0.031569 -0.056026 -0.071057 -0.069839    0.258191  \n",
       "actprice1  -0.061068 -0.055378 -0.070795 -0.080277 -0.078751    0.230884  \n",
       "norating1   0.990892  0.978598  0.988443  0.962709  0.942836    0.131024  \n",
       "noreviews1  0.986368  0.983840  0.983814  0.944380  0.918382    0.124763  \n",
       "star_5f     1.000000  0.975133  0.983567  0.956913  0.937764    0.131328  \n",
       "star_4f     0.975133  1.000000  0.973247  0.920688  0.887535    0.123521  \n",
       "star_3f     0.983567  0.973247  1.000000  0.977318  0.955562    0.125699  \n",
       "star_2f     0.956913  0.920688  0.977318  1.000000  0.987702    0.129333  \n",
       "star_1f     0.937764  0.887535  0.955562  0.987702  1.000000    0.132379  \n",
       "fulfilled1  0.131328  0.123521  0.125699  0.129333  0.132379    1.000000  "
      ]
     },
     "execution_count": 8,
     "metadata": {},
     "output_type": "execute_result"
    }
   ],
   "source": [
    "cor"
   ]
  },
  {
   "cell_type": "code",
   "execution_count": 9,
   "id": "9a2eec60",
   "metadata": {},
   "outputs": [
    {
     "data": {
      "text/plain": [
       "id            0\n",
       "Rating        0\n",
       "price1        0\n",
       "actprice1     0\n",
       "Offer %       0\n",
       "norating1     0\n",
       "noreviews1    0\n",
       "star_5f       0\n",
       "star_4f       0\n",
       "star_3f       0\n",
       "star_2f       0\n",
       "star_1f       0\n",
       "fulfilled1    0\n",
       "dtype: int64"
      ]
     },
     "execution_count": 9,
     "metadata": {},
     "output_type": "execute_result"
    }
   ],
   "source": [
    "df.isnull().sum()"
   ]
  },
  {
   "cell_type": "code",
   "execution_count": null,
   "id": "ecd87b41",
   "metadata": {},
   "outputs": [],
   "source": []
  }
 ],
 "metadata": {
  "kernelspec": {
   "display_name": "Python 3",
   "language": "python",
   "name": "python3"
  },
  "language_info": {
   "codemirror_mode": {
    "name": "ipython",
    "version": 3
   },
   "file_extension": ".py",
   "mimetype": "text/x-python",
   "name": "python",
   "nbconvert_exporter": "python",
   "pygments_lexer": "ipython3",
   "version": "3.8.8"
  }
 },
 "nbformat": 4,
 "nbformat_minor": 5
}
